102          45             5  1       4               (NULL)   1            1
103          45             3  1       3               (NULL)   1            1
104          45             2  52      7               (NULL)   1            1
105          45             2  26      7               (NULL)   1            1
106          45             2  52      8               (NULL)   1            1
107          45             2  12      8               (NULL)   1            1
108          45             2  12      9               (NULL)   1            1
109          45             2  52      9               (NULL)   1            1
110          45             2  26      9               (NULL)   1            1
111          45             2  52      14              (NULL)   1            1
112          45             2  12      10              (NULL)   1            1
113          45             2  52      10              (NULL)   1            1
114          45             2  26      10              (NULL)   1            1
115          45             2  12      11              (NULL)   1            1
116          45             2  52      11              (NULL)   1            1
117          45             2  12      12              (NULL)   1            1
118          45             2  52      12              (NULL)   1            1
119          45             2  26      12              (NULL)   1            1
120          45             2  12      13              (NULL)   1            1
121          45             2  52      13              (NULL)   1            1
122          45             2  26      13              (NULL)   1            1
123          45             2  12      14              (NULL)   1            1
124          45             2  26      14              (NULL)   1            1
125          45             2  12      15              (NULL)   1            1
126          45             2  26      15              (NULL)   1            1
127          45             2  52      15              (NULL)   1            1
128          45             2  12      16              (NULL)   1            1
129          45             2  26      16              (NULL)   1            1
130          45             2  52      16              (NULL)   1            1
131          45             2  12      17              (NULL)   1            1
132          45             2  26      17              (NULL)   1            1
133          45             2  52      17              (NULL)   1            1
134          45             2  12      18              (NULL)   1            1
135          45             2  26      18              (NULL)   1            1
136          45             2  52      18              (NULL)   1            1
137          45             2  12      19              (NULL)   1            1
138          45             2  26      19              (NULL)   1            1
139          45             2  52      19              (NULL)   1            1
140          45             2  12      20              (NULL)   1            1
141          45             2  26      20              (NULL)   1            1
142          45             2  52      20              (NULL)   1            1
143          45             2  12      21              (NULL)   1            1
144          45             2  26      21              (NULL)   1            1
145          45             2  52      21              (NULL)   1            1
146          45             2  12      22              (NULL)   1            1
147          45             2  26      22              (NULL)   1            1
148          45             2  52      22              (NULL)   1            1
149          45             2  12      23              (NULL)   1            1
150          45             2  26      23              (NULL)   1            1
151          45             2  52      23              (NULL)   1            1
152          45             2  12      24              (NULL)   1            1
153          45             2  26      24              (NULL)   1            1
154          45             2  52      24              (NULL)   1            1
155          45             2  12      25              (NULL)   1            1
156          45             2  26      25              (NULL)   1            1
157          45             2  52      25              (NULL)   1            1
158          45             2  12      26              (NULL)   1            1
159          45             2  26      26              (NULL)   1            1
160          45             2  12      27              (NULL)   1            1
161          45             2  26      27              (NULL)   1            1
162          45             2  52      27              (NULL)   1            1
163          45             2  12      28              (NULL)   1            1
164          45             2  26      28              (NULL)   1            1
165          45             2  52      28              (NULL)   1            1
166          45             2  12      29              (NULL)   1            1
167          45             2  26      29              (NULL)   1            1
168          45             2  52      29              (NULL)   1            1
169          45             2  26      30              (NULL)   1            1
170          45             2  52      30              (NULL)   1            1
171          45             2  12      31              (NULL)   1            1
172          45             2  12      32              (NULL)   1            1
173          45             2  12      33              (NULL)   1            1
174          45             2  12      34              (NULL)   1            1
175          45             2  26      31              (NULL)   1            1
176          45             2  26      32              (NULL)   1            1
177          45             2  26      33              (NULL)   1            1
178          45             2  26      34              (NULL)   1            1
179          45             2  52      34              (NULL)   1            1
180          45             2  52      33              (NULL)   1            1
181          45             2  52      32              (NULL)   1            1
182          45             2  52      31              (NULL)   1            1
183          45             1  12      35              (NULL)   1            1
184          45             1  26      35              (NULL)   1            1
185          45             1  52      35              (NULL)   1            1
186          45             1  12      36              (NULL)   1            1
187          45             1  12      37              (NULL)   1            1
188          45             1  12      38              (NULL)   1            1
189          45             1  12      39              (NULL)   1            1
190          45             1  26      36              (NULL)   1            1
191          45             1  52      36              (NULL)   1            1
192          45             1  26      37              (NULL)   1            1
193          45             1  52      37              (NULL)   1            1
194          45             1  26      38              (NULL)   1            1
195          45             1  52      38              (NULL)   1            1
196          45             1  26      39              (NULL)   1            1
197          45             1  52      39              (NULL)   1            1
198          45             1  12      40              (NULL)   1            1
199          45             1  26      40              (NULL)   1            1
200          45             1  52      40              (NULL)   1            1
201          45             1  12      41              (NULL)   1            1
202          45             1  26      41              (NULL)   1            1
203          45             1  52      41              (NULL)   1            1
204          45             1  12      42              (NULL)   1            1
205          45             1  26      42              (NULL)   1            1
206          45             1  52      42              (NULL)   1            1
207          45             1  12      43              (NULL)   1            1
208          45             1  26      43              (NULL)   1            1
209          45             1  52      43              (NULL)   1            1
210          45             1  12      44              (NULL)   1            1
211          45             1  26      44              (NULL)   1            1
212          45             1  52      44              (NULL)   1            1
213          45             1  12      45              (NULL)   1            1
214          45             1  26      45              (NULL)   1            1
215          45             1  52      45              (NULL)   1            1
216          45             1  12      46              (NULL)   1            1
217          45             1  26      46              (NULL)   1            1
218          45             1  52      46              (NULL)   1            1
219          45             1  12      47              (NULL)   1            1
220          45             1  26      47              (NULL)   1            1
221          45             1  52      47              (NULL)   1            1
222          45             1  12      48              (NULL)   1            1
223          45             1  26      48              (NULL)   1            1
224          45             1  52      48              (NULL)   1            1
225          45             1  12      49              (NULL)   1            1
226          45             1  26      49              (NULL)   1            1
227          45             1  52      49              (NULL)   1            1
228          45             1  12      50              (NULL)   1            1
229          45             1  26      50              (NULL)   1            1
230          45             1  52      50              (NULL)   1            1
231          45             1  12      51              (NULL)   1            1
232          45             1  26      51              (NULL)   1            1
233          45             1  52      51              (NULL)   1            1
234          45             1  12      52              (NULL)   1            1
235          45             1  26      52              (NULL)   1            1
236          45             1  52      52              (NULL)   1            1
237          45             1  12      53              (NULL)   1            1
238          45             1  26      53              (NULL)   1            1
239          45             1  52      53              (NULL)   1            1
240          45             1  12      54              (NULL)   1            1
241          45             1  26      54              (NULL)   1            1
242          45             1  52      54              (NULL)   1            1
243          45             1  12      55              (NULL)   1            1
244          45             1  26      55              (NULL)   1            1
245          45             1  52      55              (NULL)   1            1
246          45             1  12      56              (NULL)   1            1
247          45             1  26      56              (NULL)   1            1
248          45             1  52      56              (NULL)   1            1
249          45             1  12      57              (NULL)   1            1
250          45             1  26      57              (NULL)   1            1
251          45             1  52      57              (NULL)   1            1
252          45             1  12      58              (NULL)   1            1
253          45             1  26      58              (NULL)   1            1
254          45             1  52      58              (NULL)   1            1
255          45             1  12      64              (NULL)   1            1
256          45             1  26      64              (NULL)   1            1
257          45             1  52      64              (NULL)   1            1
258          45             1  12      65              (NULL)   1            1
259          45             1  26      65              (NULL)   1            1
260          45             1  52      65              (NULL)   1            1
261          45             1  12      66              (NULL)   1            1
262          45             1  26      66              (NULL)   1            1
263          45             1  52      66              (NULL)   1            1
264          45             1  12      67              (NULL)   1            1
265          45             1  26      67              (NULL)   1            1
266          45             1  52      67              (NULL)   1            1
267          45             1  12      68              (NULL)   1            1
268          45             1  26      68              (NULL)   1            1
269          45             1  52      68              (NULL)   1            1
270          45             1  12      69              (NULL)   1            1
271          45             1  26      69              (NULL)   1            1
272          45             1  52      69              (NULL)   1            1
273          45             1  12      70              (NULL)   1            1
274          45             1  26      70              (NULL)   1            1
275          45             1  52      70              (NULL)   1            1
276          45            12  1       1               (NULL)   1            1
277          45            11  1       1               (NULL)   1            1
278          45             4  1       4               (NULL)   1            1
279          45             4  1       5               (NULL)   1            1
280          45             4  1       6               (NULL)   1            1
281          45             4  1       7               (NULL)   1            1
282          45             4  1       8               (NULL)   1            1
283          45             4  1       9               (NULL)   1            1
284          45             4  1       10              (NULL)   1            1
285          45             4  1       11              (NULL)   1            1
286          45             4  1       12              (NULL)   1            1
287          45             4  1       13              (NULL)   1            1
288          45             4  1       14              (NULL)   1            1
289          45             4  1       15              (NULL)   1            1
290          45             4  1       16              (NULL)   1            1
291          45             4  1       18              (NULL)   1            1
292          45             4  1       19              (NULL)   1            1
293          45             4  1       20              (NULL)   1            1
294          45             4  1       21              (NULL)   1            1
295          45             4  1       22              (NULL)   1            1
296          45             4  1       23              (NULL)   1            1
297          45             4  1       24              (NULL)   1            1
298          45             4  1       25              (NULL)   1            1
299          45             4  1       26              (NULL)   1            1
300          45             4  1       27              (NULL)   1            1
301          45             4  1       28              (NULL)   1            1
302          45             4  1       29              (NULL)   1            1
303          45             4  1       30              (NULL)   1            1
304          45             4  1       17              (NULL)   1            1
305          45            13  1       0               20       1            1
306          45            13  1       0               1        1            1
307          45            13  1       0               2        1            1
308          45            13  1       0               3        1            1
309          45             6  1       0               4        1            1
310          45            13  1       0               5        1            1
312          45            13  1       0               6        1            1
313          45            13  1       0               7        1            1
314          45            13  1       0               8        1            1
315          45            13  1       0               9        1            1
316          45            13  1       0               10       1            1
317          45            13  1       0               11       1            1
318          45            13  1       0               12       1            1
319          45            13  1       0               13       1            1
320          45            13  1       0               14       1            1
321          45            13  1       0               15       1            1
322          45            13  1       0               16       1            1
323          45            13  1       0               17       1            1
324          45            13  1       0               18       1            1
325          45            13  1       0               19       1            1
326          45            13  1       0               21       1            1
327          45            13  1       0               22       1            1
328          45            13  1       0               23       1            1
329          45            13  1       0               24       1            1
330          45            13  1       0               25       1            1
331          45            13  1       0               26       1            1
332          45            13  1       0               27       1            1
333          45            13  1       0               28       1            1
334          45            13  1       0               29       1            1
335          45            13  1       0               30       1            1
337           8             2  52      14              (NULL)   1            1
338           8             2  26      14              (NULL)   1            1
340           8            11  1       1               (NULL)   1            1
369           8             3  1       3               (NULL)   1            1
370           8             3  12      3               (NULL)   1            1
372           8            13  1       0               1        1            1
381           8            12  12      1               (NULL)   1            1
382           8            12  1       1               (NULL)   1            1
383           8            12  2       1               (NULL)   1            1
387           8             6  12      0               1.5      1            1
388           8            13  12      0               1.5      1            1
390           8             8  1       0               10       1            1
392           8            13  1       0               3        1            1
397          45            13  1       0               4        1            1
398           8             6  1       0               5        1            1
400           8             6  1       0               6        1            1
403           8             6  1       0               7        1            1
404           8             6  1       0               8        1            1
405           8            13  1       0               8        1            1
406           8             6  1       0               9        1            1
407           8            13  1       0               9        1            1
408           8             6  1       0               10       1            1
409           8            13  1       0               10       1            1
410           8             6  1       0               11       1            1
411           8            13  1       0               11       1            1
412           8             6  1       0               12       1            1
413           8            13  1       0               12       1            1
414           8             4  1       9               (NULL)   1            1
415           8             4  1       10              (NULL)   1            1
416           8             4  1       11              (NULL)   1            1
417           8             4  1       12              (NULL)   1            1
418           8             4  1       13              (NULL)   1            1
419           8             4  1       14              (NULL)   1            1
420           8             4  1       15              (NULL)   1            1
421           8             4  1       16              (NULL)   1            1
422           8             4  1       17              (NULL)   1            1
423           8             4  1       18              (NULL)   1            1
424           8             4  1       19              (NULL)   1            1
425           8             4  1       20              (NULL)   1            1
426           8             4  1       21              (NULL)   1            1
427           8             4  1       22              (NULL)   1            1
428           8             4  1       23              (NULL)   1            1
429           8             4  1       24              (NULL)   1            1
430           8             4  1       25              (NULL)   1            1
431           8             6  1       0               4        1            1
434           8            13  12      0               3        1            1
436           8            13  1       0               4        1            1
437           8            13  1       0               5        1            1
438           8            13  12      0               6        1            1
439           8            13  1       0               6        1            1
440           8            13  1       0               7        1            1
478           8             6  1       0               3        1            1
480           8             8  1       0               11       1            1
481           8             8  1       0               12       1            1
482           8             8  1       0               13       1            1
483           8             8  1       0               14       1            1
484           8             8  1       0               15       1            1
485           8             8  1       0               16       1            1
486           8             8  1       0               17       1            1
487           8             8  1       0               18       1            1
488           8             8  1       0               19       1            1
489           8             8  1       0               20       1            1
491           8             6  1       0               13       1            1
492           8            13  1       0               13       1            1
493           8             6  1       0               14       1            1
494           8            13  1       0               14       1            1
495           8             6  1       0               15       1            1
496           8            13  1       0               15       1            1
497           8             6  1       0               16       1            1
498           8            13  1       0               16       1            1
499           8             6  1       0               17       1            1
500           8            13  1       0               17       1            1
501           8             6  1       0               18       1            1
502           8            13  1       0               18       1            1
503           8             6  1       0               19       1            1
505           8            13  1       0               19       1            1
506           8             6  12      0               20       1            1
507           8             6  1       0               20       1            1
508           8            13  1       0               20       1            1
509          45             2  12      7               (NULL)   1            1
510          45             2  12      30              (NULL)   1            1
511          45             2  12      35              (NULL)   1            1
512          45             1  12      59              (NULL)   1            1
513          45             1  12      60              (NULL)   1            1
514          45             1  12      61              (NULL)   1            1
515          45             1  12      62              (NULL)   1            1
516          45             1  12      63              (NULL)   1            1
517          45             2  26      8               (NULL)   1            1
518          45             2  26      11              (NULL)   1            1
519          45             2  52      26              (NULL)   1            1
520          45             2  26      35              (NULL)   1            1
521          45             1  52      59              (NULL)   1            1
522          45             1  26      59              (NULL)   1            1
523          45             1  52      60              (NULL)   1            1
524          45             1  26      60              (NULL)   1            1
539           8             2  12      14              (NULL)   1            1
540           6             2  12      14              (NULL)   1            1
541          45             6  12      0               2        1            1
542           8             4  1       4               (NULL)   1            1
543           8             4  1       5               (NULL)   1            1
544           8            14  1       0               10       1            1
545          45            14  1       0               10       1            1
546           6            14  1       0               10       1            1
547           6             2  26      14              (NULL)   1            1
548           6             2  12      7               (NULL)   1            1
549           6             2  26      7               (NULL)   1            1
550           6             2  12      8               (NULL)   1            1
551           6             2  26      8               (NULL)   1            1
552           6             2  12      9               (NULL)   1            1
553           6             2  26      9               (NULL)   1            1
554           6             2  12      10              (NULL)   1            1
555           6             2  26      10              (NULL)   1            1
556           6             2  12      11              (NULL)   1            1
557           6             2  26      11              (NULL)   1            1
558           6             2  12      12              (NULL)   1            1
559           6             2  26      12              (NULL)   1            1
560           6             2  12      13              (NULL)   1            1
561           6             2  26      13              (NULL)   1            1
562           6             2  12      15              (NULL)   1            1
563           6             2  26      15              (NULL)   1            1
564           6             2  12      16              (NULL)   1            1
565           6             1  26      16              (NULL)   1            1
566           6             2  26      16              (NULL)   1            1
567           6             2  12      17              (NULL)   1            1
568           6             2  26      17              (NULL)   1            1
569           6             2  12      18              (NULL)   1            1
570           6             2  26      18              (NULL)   1            1
571           6             2  12      19              (NULL)   1            1
572           6             2  26      19              (NULL)   1            1
573           6             2  12      20              (NULL)   1            1
574           6             2  26      20              (NULL)   1            1
575           6             2  12      21              (NULL)   1            1
576           6             2  26      21              (NULL)   1            1
577           6             2  12      22              (NULL)   1            1
578           6             2  26      22              (NULL)   1            1
579           6             2  12      23              (NULL)   1            1
580           6             2  26      23              (NULL)   1            1
581           6             2  12      24              (NULL)   1            1
582           6             2  26      24              (NULL)   1            1
583           6             2  12      25              (NULL)   1            1
584           6             2  26      25              (NULL)   1            1
585           6             2  12      26              (NULL)   1            1
586           6             2  26      26              (NULL)   1            1
587           6             2  12      27              (NULL)   1            1
588           6             2  26      27              (NULL)   1            1
589           6             2  12      28              (NULL)   1            1
590           6             2  26      28              (NULL)   1            1
591           6             2  12      29              (NULL)   1            1
592           6             2  26      29              (NULL)   1            1
593           6             2  12      30              (NULL)   1            1
594           6             2  26      30              (NULL)   1            1
595           6             2  12      31              (NULL)   1            1
596           6             2  26      31              (NULL)   1            1
597           6             2  12      32              (NULL)   1            1
598           6             2  26      32              (NULL)   1            1
599           6             2  12      33              (NULL)   1            1
600           6             2  26      33              (NULL)   1            1
601           6             2  12      34              (NULL)   1            1
602           6             2  26      34              (NULL)   1            1
603           6             2  12      35              (NULL)   1            1
604           6             2  26      35              (NULL)   1            1
605           6             1  12      36              (NULL)   1            1
606           6             1  26      36              (NULL)   1            1
607           6             1  12      37              (NULL)   1            1
608           6             1  26      37              (NULL)   1            1
609           6             1  12      38              (NULL)   1            1
610           6             1  26      38              (NULL)   1            1
611           6             1  12      39              (NULL)   1            1
612           6             1  26      39              (NULL)   1            1
613           6             1  12      40              (NULL)   1            1
614           6             1  26      40              (NULL)   1            1
615           6             1  12      41              (NULL)   1            1
616           6             1  26      41              (NULL)   1            1
617           6             1  12      42              (NULL)   1            1
618           6             1  26      42              (NULL)   1            1
619           6             1  12      43              (NULL)   1            1
620           6             1  26      43              (NULL)   1            1
621           6             1  12      44              (NULL)   1            1
622           6             1  26      44              (NULL)   1            1
623           6             1  26      45              (NULL)   1            1
624           6             1  12      45              (NULL)   1            1
625           6             1  12      46              (NULL)   1            1
626           6             1  26      46              (NULL)   1            1
627           6             1  12      47              (NULL)   1            1
628           6             1  26      47              (NULL)   1            1
629           6             1  12      48              (NULL)   1            1
630           6             1  26      48              (NULL)   1            1
631           6             1  12      49              (NULL)   1            1
632           6             1  26      49              (NULL)   1            1
633           6             1  26      50              (NULL)   1            1
634           6             1  12      50              (NULL)   1            1
635           6             1  12      51              (NULL)   1            1
636           6             1  26      51              (NULL)   1            1
637           6             5  1       4               (NULL)   1            1
638           6             5  1       5               (NULL)   1            1
639           6             5  1       6               (NULL)   1            1
640           6             5  1       7               (NULL)   1            1
641           6             6  1       0               3        1            1
643           6             6  1       0               4        1            1
644           6            13  1       0               4        1            1
645           6             6  1       0               5        1            1
646           6             6  1       0               6        1            1
647           6             6  1       0               7        1            1
648           6             6  1       0               8        1            1
649           6             6  1       0               9        1            1
650           6             6  1       0               10       1            1
651           6             6  1       0               11       1            1
652           6             6  1       0               12       1            1
653           6             6  1       0               13       1            1
654           6             6  1       0               14       1            1
655           6             6  1       0               15       1            1
656           6             6  1       0               16       1            1
657           6             6  1       0               17       1            1
658           6             6  1       0               18       1            1
659           6             6  1       0               19       1            1
660           6             6  1       0               20       1            1
661           6             6  1       0               21       1            1
662           6             6  1       0               22       1            1
663           6             6  1       0               23       1            1
664           6             6  1       0               24       1            1
665           6             6  1       0               25       1            1
666           6             8  12      0               4        1            1
667           6             8  1       0               5        1            1
668           6             8  1       0               4        1            1
669           6             8  1       0               6        1            1
670           6             8  1       0               7        1            1
671           6             8  1       0               8        1            1
672           6             8  1       0               9        1            1
673           6             8  1       0               10       1            1
674           6             8  1       0               11       1            1
676           6             8  1       0               12       1            1
677           6             8  1       0               13       1            1
678           6             8  1       0               14       1            1
679           6             8  1       0               15       1            1
680           6             8  1       0               16       1            1
681           6             8  1       0               17       1            1
682           6             8  1       0               18       1            1
683           6             8  1       0               19       1            1
684           6             8  1       0               20       1            1
685           6             8  1       0               21       1            1
686           6             8  1       0               22       1            1
687           6             8  1       0               23       1            1
688           6             8  1       0               24       1            1
689           6             8  1       0               25       1            1
690           6             9  1       0               4        1            1
691           6             9  1       0               5        1            1
692           6             9  1       0               6        1            1
693           6             9  1       0               7        1            1
694           6             9  1       0               8        1            1
695           6             9  1       0               9        1            1
696           6             9  1       0               10       1            1
697           6             9  1       0               11       1            1
698           6             9  1       0               12       1            1
699           6             9  1       0               13       1            1
700           6             9  1       0               14       1            1
701           6             9  1       0               15       1            1
702           6             9  1       0               16       1            1
703           6             9  1       0               16       1            1
704           6             9  1       0               17       1            1
705           6             9  1       0               18       1            1
706           6             9  1       0               19       1            1
707           6             9  1       0               20       1            1
708           6             9  1       0               21       1            1
709           6             9  1       0               22       1            1
710           6             9  1       0               23       1            1
711           6             9  1       0               24       1            1
712           6             9  1       0               25       1            1
713           6            11  1       1               (NULL)   1            1
714           6            14  1       0               4        1            1
715           6            14  1       0               5        1            1
716           6            14  1       0               6        1            1
717           6            14  1       0               7        1            1
718           6            14  1       0               8        1            1
719           6            14  1       0               9        1            1
721           6            14  1       0               11       1            1
722           6            14  1       0               12       1            1
723           6            14  1       0               13       1            1
724           6            14  1       0               14       1            1
725           6            14  1       0               15       1            1
726           6            14  1       0               16       1            1
727           6            14  1       0               17       1            1
728           6            14  1       0               18       1            1
729           6            14  1       0               19       1            1
730           6            14  1       0               20       1            1
731           6            14  1       0               21       1            1
732           6            14  1       0               22       1            1
733           6            14  1       0               23       1            1
734           6            14  1       0               24       1            1
735           6            14  1       0               25       1            1
736           6             6  1       0               1        1            1
737           6             6  1       0               2        1            1
738           6            13  1       0               1        1            1
739           6            13  1       0               2        1            1
741           6            13  1       0               3        1            1
742           8            13  1       0               21       1            1
743           8             8  1       0               4        1            1
744           8             8  1       0               5        1            1
745           8             8  1       0               6        1            1
746           8             8  1       0               7        1            1
747           8             8  1       0               8        1            1
748           8             8  1       0               9        1            1
749           8             2  12      7               (NULL)   1            1
750           8             2  26      7               (NULL)   1            1
751           8             2  52      7               (NULL)   1            1
752           8             2  12      8               (NULL)   1            1
753           8             2  26      8               (NULL)   1            1
754           8             2  52      8               (NULL)   1            1
755           8             2  12      9               (NULL)   1            1
756           8             2  26      9               (NULL)   1            1
757           8             2  52      9               (NULL)   1            1
758           8             2  12      10              (NULL)   1            1
759           8             2  26      10              (NULL)   1            1
760           8             2  52      10              (NULL)   1            1
761           8             2  12      11              (NULL)   1            1
762           8             2  26      11              (NULL)   1            1
763           8             2  52      11              (NULL)   1            1
764           8             2  12      15              (NULL)   1            1
765           8             2  26      15              (NULL)   1            1
766           8             2  52      15              (NULL)   1            1
767           8             2  12      16              (NULL)   1            1
768           8             2  26      16              (NULL)   1            1
769           8             2  52      16              (NULL)   1            1
770           8             2  12      17              (NULL)   1            1
771           8             2  26      17              (NULL)   1            1
772           8             2  52      17              (NULL)   1            1
773           8             2  12      12              (NULL)   1            1
774           8             2  26      12              (NULL)   1            1
775           8             2  52      12              (NULL)   1            1
776           8             2  12      13              (NULL)   1            1
777           8             2  26      13              (NULL)   1            1
778           8             2  52      13              (NULL)   1            1
779           8             2  12      18              (NULL)   1            1
780           8             2  26      18              (NULL)   1            1
781           8             2  52      18              (NULL)   1            1
782           8             2  12      19              (NULL)   1            1
783           8             2  26      19              (NULL)   1            1
784           8             2  52      19              (NULL)   1            1
785           8             2  12      20              (NULL)   1            1
786           8             2  26      20              (NULL)   1            1
787           8             2  52      20              (NULL)   1            1
788           8             2  12      21              (NULL)   1            1
789           8             2  26      21              (NULL)   1            1
790           8             2  52      21              (NULL)   1            1
791           8             2  12      22              (NULL)   1            1
792           8             2  26      22              (NULL)   1            1
793           8             2  52      22              (NULL)   1            1
794           8             2  12      23              (NULL)   1            1
795           8             2  26      23              (NULL)   1            1
796           8             2  52      23              (NULL)   1            1
797           8             2  12      24              (NULL)   1            1
798           8             2  26      24              (NULL)   1            1
799           8             2  52      24              (NULL)   1            1
800           8             2  12      25              (NULL)   1            1
801           8             2  26      25              (NULL)   1            1
802           8             2  52      25              (NULL)   1            1
803           8             2  12      26              (NULL)   1            1
804           8             2  26      26              (NULL)   1            1
805           8             2  52      26              (NULL)   1            1
806           8             2  12      27              (NULL)   1            1
807           8             2  26      27              (NULL)   1            1
808           8             2  52      27              (NULL)   1            1
809           8             2  12      28              (NULL)   1            1
810           8             2  26      28              (NULL)   1            1
811           8             2  52      28              (NULL)   1            1
812           8             2  12      29              (NULL)   1            1
813           8             2  26      29              (NULL)   1            1
814           8             2  52      29              (NULL)   1            1
815           8             2  12      30              (NULL)   1            1
816           8             2  26      30              (NULL)   1            1
817           8             2  52      30              (NULL)   1            1
818           8             2  12      31              (NULL)   1            1
819           8             2  26      31              (NULL)   1            1
820           8             2  52      31              (NULL)   1            1
821           8             2  12      32              (NULL)   1            1
822           8             2  26      32              (NULL)   1            1
823           8             2  12      33              (NULL)   1            1
824           8             2  26      33              (NULL)   1            1
825           8             2  52      33              (NULL)   1            1
826           8             2  12      34              (NULL)   1            1
827           8             2  26      34              (NULL)   1            1
828           8             2  52      34              (NULL)   1            1
829           8             2  12      35              (NULL)   1            1
830           8             2  26      35              (NULL)   1            1
831           8             2  52      35              (NULL)   1            1
832           8             1  12      36              (NULL)   1            1
833           8             1  26      36              (NULL)   1            1
834           8             1  52      36              (NULL)   1            1
835           8             1  12      37              (NULL)   1            1
836           8             1  26      37              (NULL)   1            1
837           8             1  52      37              (NULL)   1            1
838           8             1  12      38              (NULL)   1            1
839           8             1  26      38              (NULL)   1            1
840           8             1  52      38              (NULL)   1            1
841           8             1  12      39              (NULL)   1            1
842           8             1  26      39              (NULL)   1            1
843           8             1  52      39              (NULL)   1            1
844           8             1  12      40              (NULL)   1            1
845           8             1  26      40              (NULL)   1            1
846           8             1  52      40              (NULL)   1            1
847           8             1  12      41              (NULL)   1            1
848           8             1  26      41              (NULL)   1            1
849           8             1  52      41              (NULL)   1            1
850           8             1  12      42              (NULL)   1            1
851           8             1  26      42              (NULL)   1            1
852           8             1  52      42              (NULL)   1            1
853           8             1  12      43              (NULL)   1            1
854           8             1  26      43              (NULL)   1            1
855           8             1  52      43              (NULL)   1            1
856           8             1  12      44              (NULL)   1            1
857           8             1  26      44              (NULL)   1            1
858           8             1  52      44              (NULL)   1            1
859           8             1  12      45              (NULL)   1            1
860           8             1  26      45              (NULL)   1            1
861           8             1  52      45              (NULL)   1            1
862           8             1  12      46              (NULL)   1            1
863           8             1  26      46              (NULL)   1            1
864           8             1  52      47              (NULL)   1            1
865           8             1  52      46              (NULL)   1            1
866           8             1  12      46              (NULL)   1            1
867           8             1  26      47              (NULL)   1            1
868           8             1  12      47              (NULL)   1            1
869           8             1  12      48              (NULL)   1            1
870           8             1  26      48              (NULL)   1            1
871           8             1  52      48              (NULL)   1            1
872           8             1  12      49              (NULL)   1            1
873           8             1  26      49              (NULL)   1            1
874           8             1  52      49              (NULL)   1            1
875           8             1  12      50              (NULL)   1            1
876           8             1  26      50              (NULL)   1            1
877           8             1  52      50              (NULL)   1            1
878           8             1  12      51              (NULL)   1            1
879           8             1  26      51              (NULL)   1            1
880           8             1  52      51              (NULL)   1            1
887          47             5  1       4               0        1            1
888           8             6  12      0               1        1            1
889           8            13  12      0               1        1            1
890          48             5  1       3               0        1            1
891          48             5  1       4               0        1            0
892          48             5  1       5               0        1            1
893          48             5  1       6               0        1            1
894          48             5  1       7               0        1            1
895          47             5  1       3               0        1            1
896          47             5  1       6               0        1            1
897          47             5  1       7               0        1            1
898          47             6  1       0               3        1            1
900          47             6  1       0               4        1            1
901          47             6  1       0               5        1            1
902          47             6  1       0               6        1            1
903          47             6  1       0               7        1            1
904          47             6  1       0               8        1            1
905          47             6  1       0               9        1            1
906          47             6  1       0               10       1            1
907          47            13  1       0               3        1            1
908          47            13  1       0               4        1            1
909          47            13  1       0               5        1            1
910          47            13  1       0               6        1            1
911          47            13  1       0               7        1            1
912          47            13  1       0               8        1            1
913          47            13  1       0               9        1            1
914          47            13  1       0               10       1            1
915          47            13  1       0               11       1            1
916          47             8  1       0               4        1            1
917          47             8  1       0               5        1            1
918          47             8  1       0               6        1            1
919          47             8  1       0               7        1            1
920          47             8  1       0               8        1            1
921          47             8  1       0               25000    1            1
922          47             8  1       0               10       1            1
923          47             8  1       0               9        1            1
924          47             8  1       0               11       1            1
925          47             8  1       12              12       1            1
926          47             8  1       0               13       1            1
927          47             8  1       0               14       1            1
928          47             8  1       0               15       1            1
929          47            13  1       0               12       1            1
930          47            13  1       0               13       1            1
931          47            13  1       0               14       1            1
932          47            13  1       0               15       1            1
933          47            13  1       0               16       1            1
934           8             6  12      0               2        1            1
935          45             5  1       5               0        1            1
936          45             5  1       6               0        1            1
937          45             5  1       7               0        1            1
938           6             3  1       3               0        1            1
939          45            12  12      1               0        1            1
940           8             6  1       0               2        1            1
941           8            11  1       2               0        1            1
942           8            11  12      2               0        1            1
943           8            12  1       2               0        1            1
944          45             5  1       3               0        1            1
945          45             5  12      3               0        1            1
946          45             5  12      4               0        1            1
947          45             5  12      5               0        1            1
948          45             5  12      6               0        1            1
949          45             5  12      7               0        1            1
950          45             6  12      0               1        1            1
951          45             6  12      0               3        1            1
952          45             6  12      0               4        1            1
953          45             6  12      0               5        1            1
954          45             6  12      0               6        1            1
955          45             6  12      0               7        1            1
956          45             6  12      0               8        1            1
957          45             6  12      0               9        1            1
958          45             6  12      0               10       1            1
959          45            13  12      0               1        1            1
960          45            13  12      0               2        1            1
961          45            13  12      0               3        1            1
962          45            13  12      0               4        1            1
963          45            13  12      0               5        1            1
964          45            13  12      0               6        1            1
965          45            13  12      0               7        1            1
966          45            13  12      0               8        1            1
967          45            13  12      0               9        1            1
968          45            13  12      0               10       1            1
969          45             6  1       0               1        1            1
970          45             6  1       0               2        1            1
971          45             6  1       0               3        1            1
972          45             6  1       0               5        1            1
973          45             6  1       0               6        1            1
974          45             6  1       0               7        1            1
975          45             6  1       0               8        1            1
976          45             6  1       0               9        1            1
977          45             6  1       0               10       1            1
978          45            12  1       2               0        1            1
979          45            12  12      2               0        1            1
980          45            11  1       2               0        1            1
981          45            14  1       0               1        1            1
982          45            14  1       0               2        1            1
983          45            14  1       0               3        1            1
984          45            14  1       0               4        1            1
985          45            14  1       0               5        1            1
986          45            14  1       0               6        1            1
987          45            14  1       0               7        1            1
988          45            14  1       0               8        1            1
989          45            14  1       9               9        1            1
990           8            13  12      0               2        1            1
991           8            13  1       0               2        1            1
993           8             5  12      2               0        1            1
994           8             5  12      3               0        1            1
995           8             5  12      4               0        1            1
996           8             5  12      5               0        1            1
997           8             5  12      6               0        1            1
998           8             5  12      7               0        1            1
999           8             5  1       2               0        1            1
000           8             5  1       3               0        1            1
001           8             5  1       5               0        1            1
002           8             5  1       4               0        1            1
003           8             5  1       6               0        1            1
004           8             5  1       7               0        1            1
